I am Doomiboter and i am an Alien. Commit and im awesome
000000000010001010101000101010001010100110000101101
01
10010
1001010
1001001
0101
00000000001000101010100010101000101010011000010110110
010110
0000000000100010101010001010100010101001100001011011010
10010010
0010101
100100101
100100101010
10010101001
0110
101
010101
10010010101001
011001010
0010101011010101100101001010101001000000000000000001010100111111110100101101011
10010101010
1001001010101001
0100101001010010101010101
010010100101001010101010110101
01001010010100101010101011010101
010101010
1001001011
0100101001010010101010101
0101011010
10010010101010011
010010100101001010101010110101101
01101010
10101
0110101010
100101010100
101010
100101